84152
283120
6271
1265
3481
89796
10417
1956
5409
51806
9635
3777
7077
9080
79570
55964
8291
3683
8908
445
114794
56649
2217
360
57636
80781
114783
80736
23129
259
9480
84894
152273
22843
9022
254102
3778
9783
157506
1284
23531
55630
79962
2161
6286
9024
25825
9244
220441
11320
80774
93664
10769
9536
134
3752
4188
79623
57016
84951
57186
4486
864
100
28951
27087
54436
1056
84649
81848
8869
4586
642475
347853
23336
1362
8507
283349
6284
55603
4035
654429
54855
5420
6899
85407
56917
85414
9123
1048
768096
4008
6453
284340
50649
9609
1840
2977
124872
